%  j (Acm-2)               V

0.009965680000000001 0.011810940073488041 
0.009406200000000000 0.042249589303902935 
0.008833140000000000 0.072741150663496901 
0.008249919999999999 0.103139500820099816 
0.007703990000000000 0.131086866600635787 
0.007154680000000000 0.158783629451594688 
0.006632490000000000 0.184787109860905741 
0.006106910000000000 0.210711183065800112 
0.005608450000000000 0.235141045441324581 
0.005103220000000000 0.259831726975306876 
0.004629860000000000 0.282990297641691591 
0.004154120000000000 0.306398588211448053 
0.003716700000000000 0.328158005227162097 
0.003276910000000000 0.350414173148014096 
0.002883910000000000 0.370790090601333722 
0.002491250000000000 0.391825473202554175 
0.002147760000000000 0.411026148374799227 
0.001802910000000000 0.431393637869393776 
0.001513670000000000 0.449702455360797115 
0.001217650000000000 0.470183414030504288 
0.000969780000000000 0.489425838316617179 
0.000724280000000000 0.511597952078707841 
0.000530670000000000 0.532910519955277939 
0.000333520000000000 0.561653277964469511 
0.000175780000000000 0.597516480638201619 
0.000013690000000000 0.725223058433046019 
